4:7:1`3Цар 8:64₋11₋8₋64`Исх 13:2₋2₋13₋2`Исх 30:23-30₋2₋30₋23,24,25,26,27,28,29,30`Исх 40:17-19₋2₋40₋17,18,19`Быт 2:3₋1₋2₋3`Лев 8:10₋3₋8₋10`Лев 8:11₋3₋8₋11`Лев 9:1-24₋3₋9₋1,2,3,4,5,6,7,8,9,10,11,12,13,14,15,16,17,18,19,20,21,22,23,24`Мф 23:19₋40₋23₋19
4:7:2`1Пар 29:6-8₋13₋29₋6,7,8`2Пар 35:8₋14₋35₋8`Исх 35:27₋2₋35₋27`Езд 2:68₋15₋2₋68`Езд 2:69₋15₋2₋69`Неем 7:70-72₋16₋7₋70,71,72`Чис 1:4-16₋4₋1₋4,5,6,7,8,9,10,11,12,13,14,15,16`Чис 10:1-36₋4₋10₋1,2,3,4,5,6,7,8,9,10,11,12,13,14,15,16,17,18,19,20,21,22,23,24,25,26,27,28,29,30,31,32,33,34,35,36`Чис 2:1-34₋4₋2₋1,2,3,4,5,6,7,8,9,10,11,12,13,14,15,16,17,18,19,20,21,22,23,24,25,26,27,28,29,30,31,32,33,34
4:7:3`Чис 7:3₋4₋7₋3
4:7:4
4:7:5`Еф 4:11-13₋56₋4₋11,12,13`Исх 25:1-11₋2₋25₋1,2,3,4,5,6,7,8,9,10,11`Исх 35:4-10₋2₋35₋4,5,6,7,8,9,10`Ис 42:1-7₋23₋42₋1,2,3,4,5,6,7`Ис 49:1-8₋23₋49₋1,2,3,4,5,6,7,8`Пс 16:2₋19₋16₋2`Пс 16:3₋19₋16₋3`Тит 3:8₋63₋3₋8
4:7:6
4:7:7`Чис 3:25₋4₋3₋25`Чис 3:26₋4₋3₋26`Чис 4:24-28₋4₋4₋24,25,26,27,28
4:7:8`Чис 3:36₋4₋3₋36`Чис 3:37₋4₋3₋37`Чис 4:28-33₋4₋4₋28,29,30,31,32,33
4:7:9`1Пар 15:13₋13₋15₋13`1Пар 15:3₋13₋15₋3`1Пар 23:26₋13₋23₋26`2Цар 6:13₋10₋6₋13`2Цар 6:6₋10₋6₋6`Чис 3:31₋4₋3₋31`Чис 4:4-16₋4₋4₋4,5,6,7,8,9,10,11,12,13,14,15,16
4:7:10`3Цар 8:63₋11₋8₋63`2Пар 7:5₋14₋7₋5`2Пар 7:9₋14₋7₋9`Втор 20:5₋5₋20₋5`Езд 6:16₋15₋6₋16`Езд 6:17₋15₋6₋17`Ин 10:22₋43₋10₋22`Неем 12:27₋16₋12₋27`Неем 12:43₋16₋12₋43`Пс 30:1₋19₋30₋1
4:7:11`1Кор 14:33₋53₋14₋33`1Кор 14:40₋53₋14₋40`Кол 2:5₋58₋2₋5
4:7:12`Быт 49:10₋1₋49₋10`Быт 49:8₋1₋49₋8`Лк 3:32₋42₋3₋32`Мф 1:4₋40₋1₋4`Чис 1:7₋4₋1₋7`Чис 10:14₋4₋10₋14`Чис 2:3₋4₋2₋3`Руфь 4:20₋8₋4₋20
4:7:13`3Цар 7:43₋11₋7₋43`3Цар 7:45₋11₋7₋45`4Цар 25:14₋12₋25₋14`4Цар 25:15₋12₋25₋15`Дан 5:2₋27₋5₋2`Исх 25:29₋2₋25₋29`Исх 30:13₋2₋30₋13`Исх 37:16₋2₋37₋16`Езд 1:10₋15₋1₋10`Езд 1:9₋15₋1₋9`Езд 8:25₋15₋8₋25`Иер 52:19₋24₋52₋19`Лев 2:1₋3₋2₋1`Лев 27:25₋3₋27₋25`Лев 27:3₋3₋27₋3`Мф 14:11₋40₋14₋11`Мф 14:8₋40₋14₋8`Зах 14:20₋38₋14₋20
4:7:14`3Цар 7:50₋11₋7₋50`2Пар 24:14₋14₋24₋14`2Пар 4:22₋14₋4₋22`4Цар 25:14₋12₋25₋14`4Цар 25:15₋12₋25₋15`Исх 30:34-38₋2₋30₋34,35,36,37,38`Исх 30:7₋2₋30₋7`Исх 30:8₋2₋30₋8`Исх 35:8₋2₋35₋8`Исх 37:16₋2₋37₋16`Чис 4:7₋4₋4₋7
4:7:15`1Пет 1:18₋46₋1₋18`1Пет 1:19₋46₋1₋19`1Пет 2:24₋46₋2₋24`1Пет 3:18₋46₋3₋18`1Тим 2:6₋61₋2₋6`Евр 2:10₋65₋2₋10`Ис 53:10₋23₋53₋10`Ис 53:11₋23₋53₋11`Ис 53:4₋23₋53₋4`Ин 17:19₋43₋17₋19`Лев 1:1-17₋3₋1₋1,2,3,4,5,6,7,8,9,10,11,12,13,14,15,16,17`Мф 20:28₋40₋20₋28`Чис 25:1-18₋4₋25₋1,2,3,4,5,6,7,8,9,10,11,12,13,14,15,16,17,18`Чис 29:40₋4₋29₋40`Рим 10:4₋52₋10₋4`Рим 3:24-26₋52₋3₋24,25,26`Рим 5:16-21₋52₋5₋16,17,18,19,20,21`Рим 5:6-11₋52₋5₋6,7,8,9,10,11`Рим 8:34₋52₋8₋34`Тит 2:14₋63₋2₋14
4:7:16`Лев 4:23₋3₋4₋23`Лев 4:25₋3₋4₋25
4:7:17`2Кор 5:19-21₋54₋5₋19,20,21`Лев 3:1-17₋3₋3₋1,2,3,4,5,6,7,8,9,10,11,12,13,14,15,16,17
4:7:18`Чис 1:8₋4₋1₋8`Чис 2:5₋4₋2₋5
4:7:19`Чис 7:12-17₋4₋7₋12,13,14,15,16,17
4:7:20`Чис 7:20₋4₋7₋20
4:7:21`Еф 5:2₋56₋5₋2`Быт 8:20₋1₋8₋20`Рим 12:1₋52₋12₋1
4:7:22`Чис 7:22₋4₋7₋22
4:7:23`3Цар 8:63₋11₋8₋63`Кол 1:1₋58₋1₋1`Лев 7:11-13₋3₋7₋11,12,13`Притч 7:14₋20₋7₋14
4:7:24`Чис 1:9₋4₋1₋9`Чис 2:7₋4₋2₋7
4:7:25`Чис 7:25₋4₋7₋25
4:7:26`Чис 7:26₋4₋7₋26
4:7:27`Ам 5:22₋30₋5₋22`Ис 1:11₋23₋1₋11`Иер 7:22₋24₋7₋22`Пс 50:8-14₋19₋50₋8,9,10,11,12,13,14`Пс 51:16₋19₋51₋16
4:7:28
4:7:29`2Цар 24:22₋10₋24₋22`2Цар 24:23₋10₋24₋23`Ис 32:8₋23₋32₋8
4:7:30`Чис 1:5₋4₋1₋5`Чис 2:10₋4₋2₋10
4:7:31`Исх 27:23₋2₋27₋23`Чис 7:13-89₋4₋7₋13,14,15,16,17,18,19,20,21,22,23,24,25,26,27,28,29,30,31,32,33,34,35,36,37,38,39,40,41,42,43,44,45,46,47,48,49,50,51,52,53,54,55,56,57,58,59,60,61,62,63,64,65,66,67,68,69,70,71,72,73,74,75,76,77,78,79,80,81,82,83,84,85,86,87,88,89
4:7:32`Лк 1:10₋42₋1₋10`Мал 1:11₋39₋1₋11`Пс 66:15₋19₋66₋15`Откр 8:3₋66₋8₋3
4:7:33`Чис 7:33₋4₋7₋33
4:7:34
4:7:35`Деян 20:35₋44₋20₋35
4:7:36`Чис 1:6₋4₋1₋6`Чис 2:12₋4₋2₋12
4:7:37`Чис 7:13-89₋4₋7₋13,14,15,16,17,18,19,20,21,22,23,24,25,26,27,28,29,30,31,32,33,34,35,36,37,38,39,40,41,42,43,44,45,46,47,48,49,50,51,52,53,54,55,56,57,58,59,60,61,62,63,64,65,66,67,68,69,70,71,72,73,74,75,76,77,78,79,80,81,82,83,84,85,86,87,88,89
4:7:38`Чис 7:38₋4₋7₋38
4:7:39`1Пет 1:19₋46₋1₋19`Деян 8:32₋44₋8₋32`Исх 12:5₋2₋12₋5`Ин 1:29₋43₋1₋29`Откр 5:6₋66₋5₋6
4:7:40
4:7:41`2Кор 9:5-7₋54₋9₋5,6,7
4:7:42`Чис 1:14₋4₋1₋14`Чис 2:14₋4₋2₋14
4:7:43`1Ин 2:27₋48₋2₋27`Евр 1:9₋65₋1₋9`Лев 14:10₋3₋14₋10`Лев 2:5₋3₋2₋5`Чис 7:13-89₋4₋7₋13,14,15,16,17,18,19,20,21,22,23,24,25,26,27,28,29,30,31,32,33,34,35,36,37,38,39,40,41,42,43,44,45,46,47,48,49,50,51,52,53,54,55,56,57,58,59,60,61,62,63,64,65,66,67,68,69,70,71,72,73,74,75,76,77,78,79,80,81,82,83,84,85,86,87,88,89
4:7:44`Чис 7:44₋4₋7₋44
4:7:45`2Кор 5:21₋54₋5₋21`Ис 53:4₋23₋53₋4`Пс 66:15₋19₋66₋15
4:7:46
4:7:47`Исх 35:29₋2₋35₋29
4:7:48`Чис 1:10₋4₋1₋10`Чис 2:18₋4₋2₋18
4:7:49`Чис 7:13-89₋4₋7₋13,14,15,16,17,18,19,20,21,22,23,24,25,26,27,28,29,30,31,32,33,34,35,36,37,38,39,40,41,42,43,44,45,46,47,48,49,50,51,52,53,54,55,56,57,58,59,60,61,62,63,64,65,66,67,68,69,70,71,72,73,74,75,76,77,78,79,80,81,82,83,84,85,86,87,88,89
4:7:50`Чис 7:50₋4₋7₋50
4:7:51`Чис 7:51₋4₋7₋51
4:7:52
4:7:53`Исх 35:20-24₋2₋35₋20,21,22,23,24
4:7:54`Чис 1:10₋4₋1₋10`Чис 2:20₋4₋2₋20
4:7:55`Чис 7:13-89₋4₋7₋13,14,15,16,17,18,19,20,21,22,23,24,25,26,27,28,29,30,31,32,33,34,35,36,37,38,39,40,41,42,43,44,45,46,47,48,49,50,51,52,53,54,55,56,57,58,59,60,61,62,63,64,65,66,67,68,69,70,71,72,73,74,75,76,77,78,79,80,81,82,83,84,85,86,87,88,89
4:7:56`Чис 7:56₋4₋7₋56
4:7:57`Чис 7:57₋4₋7₋57
4:7:58
4:7:59`2Пар 24:8-11₋14₋24₋8,9,10,11
4:7:60`Чис 1:11₋4₋1₋11`Чис 2:22₋4₋2₋22
4:7:61`Чис 7:13-89₋4₋7₋13,14,15,16,17,18,19,20,21,22,23,24,25,26,27,28,29,30,31,32,33,34,35,36,37,38,39,40,41,42,43,44,45,46,47,48,49,50,51,52,53,54,55,56,57,58,59,60,61,62,63,64,65,66,67,68,69,70,71,72,73,74,75,76,77,78,79,80,81,82,83,84,85,86,87,88,89
4:7:62`Дан 9:27₋27₋9₋27`Евр 13:15₋65₋13₋15`Ис 66:20₋23₋66₋20`Флп 4:18₋57₋4₋18`Пс 112:2₋19₋112₋2`Рим 15:16₋52₋15₋16
4:7:63`Чис 7:63₋4₋7₋63
4:7:64
4:7:65`Мк 12:41-44₋41₋12₋41,42,43,44
4:7:66`Чис 1:12₋4₋1₋12`Чис 2:25₋4₋2₋25
4:7:67`Чис 7:13-89₋4₋7₋13,14,15,16,17,18,19,20,21,22,23,24,25,26,27,28,29,30,31,32,33,34,35,36,37,38,39,40,41,42,43,44,45,46,47,48,49,50,51,52,53,54,55,56,57,58,59,60,61,62,63,64,65,66,67,68,69,70,71,72,73,74,75,76,77,78,79,80,81,82,83,84,85,86,87,88,89
4:7:68`Чис 7:68₋4₋7₋68
4:7:69`Чис 7:69₋4₋7₋69
4:7:70
4:7:71`2Кор 8:1-4₋54₋8₋1,2,3,4
4:7:72`Чис 1:13₋4₋1₋13`Чис 2:27₋4₋2₋27
4:7:73`Чис 7:13-89₋4₋7₋13,14,15,16,17,18,19,20,21,22,23,24,25,26,27,28,29,30,31,32,33,34,35,36,37,38,39,40,41,42,43,44,45,46,47,48,49,50,51,52,53,54,55,56,57,58,59,60,61,62,63,64,65,66,67,68,69,70,71,72,73,74,75,76,77,78,79,80,81,82,83,84,85,86,87,88,89
4:7:74`Чис 7:74₋4₋7₋74
4:7:75`Чис 7:75₋4₋7₋75
4:7:76
4:7:77`Флп 4:17₋57₋4₋17`Флп 4:18₋57₋4₋18
4:7:78`Чис 1:15₋4₋1₋15`Чис 2:29₋4₋2₋29
4:7:79`Чис 7:13-89₋4₋7₋13,14,15,16,17,18,19,20,21,22,23,24,25,26,27,28,29,30,31,32,33,34,35,36,37,38,39,40,41,42,43,44,45,46,47,48,49,50,51,52,53,54,55,56,57,58,59,60,61,62,63,64,65,66,67,68,69,70,71,72,73,74,75,76,77,78,79,80,81,82,83,84,85,86,87,88,89
4:7:80`Чис 7:80₋4₋7₋80
4:7:81`Чис 7:81₋4₋7₋81
4:7:82
4:7:83`Рим 11:35₋52₋11₋35`Рим 11:36₋52₋11₋36
4:7:84`1Пар 29:6-8₋13₋29₋6,7,8`Езд 2:68₋15₋2₋68`Езд 2:69₋15₋2₋69`Евр 13:10₋65₋13₋10`Ис 60:6-10₋23₋60₋6,7,8,9,10`Суд 5:9₋7₋5₋9`Неем 3:9₋16₋3₋9`Неем 7:70-72₋16₋7₋70,71,72`Чис 7:10₋4₋7₋10`Откр 21:14₋66₋21₋14
4:7:85`1Пар 22:14₋13₋22₋14`1Пар 29:4₋13₋29₋4`1Пар 29:7₋13₋29₋7`Езд 8:25₋15₋8₋25`Езд 8:26₋15₋8₋26`Чис 7:13₋4₋7₋13
4:7:86`Чис 7:86₋4₋7₋86
4:7:87
4:7:88`Чис 7:1₋4₋7₋1`Чис 7:10₋4₋7₋10`Чис 7:84₋4₋7₋84
4:7:89`3Цар 6:23₋11₋6₋23`1Пет 1:12₋46₋1₋12`1Цар 4:4₋9₋4₋4`Исх 25:18-21₋2₋25₋18,19,20,21`Исх 25:22₋2₋25₋22`Исх 33:9-11₋2₋33₋9,10,11`Евр 4:16₋65₋4₋16`Лев 1:1₋3₋1₋1`Чис 1:1₋4₋1₋1`Чис 12:8₋4₋12₋8`Пс 80:1₋19₋80₋1